2.331007123125e+00 0.000000000000e+00 0.000000000000e+00 0.000000000000e+00 0.000000000000e+00 0.000000000000e+00 0.000000000000e+00 0.000000000000e+00 0.000000000000e+00 0.000000000000e+00 0.000000000000e+00 0.000000000000e+00 0.000000000000e+00 0.000000000000e+00 0.000000000000e+00 0.000000000000e+00 0.000000000000e+00 0.000000000000e+00 0.000000000000e+00 0.000000000000e+00 
0.000000000000e+00 2.689557250028e+00 -1.511480604449e+00 -1.982300281975e+00 3.218787563274e+00 -1.490609798988e+01 -1.307954163966e+01 3.028999881143e+01 -4.464442724409e+01 1.199820200658e-01 0.000000000000e+00 -3.282905336429e-01 -4.607557247885e-01 5.768607956007e-01 2.510731640267e-02 7.702236452626e+00 -1.690051695855e+01 3.867741639003e+00 1.338825828315e+01 -1.983467840132e+01 
0.000000000000e+00 -1.511480604449e+00 9.183462765311e+01 -6.101362471632e+01 -2.025307999061e+02 -7.854785680310e+00 1.068878007185e+02 4.320032083447e+01 2.650394013053e+02 -6.447547210095e+02 0.000000000000e+00 5.664919871329e-01 -6.515498220916e+00 -3.742854617117e+00 -3.754758557816e+01 -1.037372313739e+02 1.402707114286e+02 -4.860415573790e+01 -8.808203479389e+01 -2.473074580751e+02 
-0.000000000000e+00 -1.982300281975e+00 -6.101362471632e+01 7.445048412920e+02 -8.892907356133e+02 -3.467214763417e+02 -5.529986402743e+02 -4.699790819283e+02 1.125288342222e+03 2.402183469682e+02 -0.000000000000e+00 4.446667282078e+00 1.102234539569e+00 -7.945781681046e+00 -6.902929442768e+00 2.490393587672e+02 -4.216582052556e+02 1.824360554962e+02 -9.636444872720e+02 9.879436519324e+02 
0.000000000000e+00 3.218787563274e+00 -2.025307999061e+02 -8.892907356133e+02 8.018817554468e+03 -6.179645287220e+03 -4.500082413342e+03 -1.196433823014e+03 -1.196710611811e+03 3.255167060750e+03 0.000000000000e+00 -9.909517439710e+00 2.642990235755e+01 -2.490139935772e+01 -2.001722559425e+02 -2.934748884661e+02 1.013498353437e+03 -8.886201754790e+02 2.586828551238e+03 -1.784926413557e+03 
-0.000000000000e+00 -1.490609798988e+01 -7.854785680310e+00 -3.467214763417e+02 -6.179645287220e+03 2.126989227743e+04 -1.308961412880e+04 -1.077235637072e+03 2.089936474845e+03 -4.309298403503e+03 -0.000000000000e+00 4.505289625439e+00 1.892490205156e+01 -1.138195709971e+02 -1.317286274369e+02 4.201276959423e+02 5.301968328700e+01 1.791079716509e+03 -4.432296882938e+02 2.018263025367e+03 
0.000000000000e+00 -1.307954163966e+01 1.068878007185e+02 -5.529986402743e+02 -4.500082413342e+03 -1.308961412880e+04 7.220969856407e+04 -5.474242559181e+04 -6.559374721826e+03 1.178745532889e+04 0.000000000000e+00 -1.581159391599e+00 -4.912162163927e+01 -2.826815987563e+02 -1.093853522644e+02 -1.433614715848e+03 2.087065907737e+03 -2.332971182124e+03 6.262249885647e+03 -1.174093144184e+03 
-0.000000000000e+00 3.028999881143e+01 4.320032083447e+01 -4.699790819283e+02 -1.196433823014e+03 -1.077235637072e+03 -5.474242559181e+04 1.811271223445e+05 -1.214708642938e+05 -2.844862252072e+03 -0.000000000000e+00 -4.893914295765e+01 3.502616003887e+01 -4.546112306524e+01 4.704155641337e+02 6.430480625468e+02 1.870173609656e+02 8.837674511016e+03 -1.393993261675e+04 9.021022620773e+03 
0.000000000000e+00 -4.464442724409e+01 2.650394013053e+02 1.125288342222e+03 -1.196710611811e+03 2.089936474845e+03 -6.559374721826e+03 -1.214708642938e+05 3.266530466132e+05 -1.952564208319e+05 0.000000000000e+00 7.559860380042e+01 -1.046320823976e+02 -7.209357627051e+01 7.007322346757e+02 1.358622945391e+03 -3.750210629382e+03 -1.018860843639e+04 1.362530043633e+04 -4.239244777436e+02 
-0.000000000000e+00 1.199820200646e-01 -6.447547210095e+02 2.402183469682e+02 3.255167060750e+03 -4.309298403503e+03 1.178745532889e+04 -2.844862252072e+03 -1.952564208319e+05 3.071203922043e+05 -0.000000000000e+00 2.703267689928e+01 -1.218824714792e+02 7.610041900591e+02 -1.670457385378e+03 -1.110567440368e+03 2.155916154336e+03 1.125600383349e+02 -5.455890672669e+02 1.225909422517e+02 
0.000000000000e+00 -0.000000000000e+00 0.000000000000e+00 0.000000000000e+00 -0.000000000000e+00 0.000000000000e+00 -0.000000000000e+00 -0.000000000000e+00 0.000000000000e+00 0.000000000000e+00 2.249290709464e+00 0.000000000000e+00 0.000000000000e+00 0.000000000000e+00 -0.000000000000e+00 0.000000000000e+00 0.000000000000e+00 0.000000000000e+00 0.000000000000e+00 0.000000000000e+00 
0.000000000000e+00 -3.282905336429e-01 5.664919871329e-01 4.446667282078e+00 -9.909517439709e+00 4.505289625437e+00 -1.581159391600e+00 -4.893914295765e+01 7.559860380043e+01 2.703267689928e+01 0.000000000000e+00 2.448690380594e+00 3.437671321031e-01 4.143246013756e-01 -8.121100384277e-01 8.840945094394e+00 -1.188948168865e+01 -1.766983148166e+01 -1.795927773956e+01 -1.658198239377e+01 
-0.000000000000e+00 -4.607557247885e-01 -6.515498220916e+00 1.102234539569e+00 2.642990235755e+01 1.892490205156e+01 -4.912162163927e+01 3.502616003888e+01 -1.046320823976e+02 -1.218824714792e+02 -0.000000000000e+00 3.437671321031e-01 2.547039540370e+01 1.417742950901e+00 6.846196214394e+00 -1.493432660241e+01 7.171670989227e+01 -1.733001142823e+01 6.953919920627e+01 -1.666182631402e+02 
0.000000000000e+00 5.768607956007e-01 -3.742854617117e+00 -7.945781681046e+00 -2.490139935772e+01 -1.138195709971e+02 -2.826815987563e+02 -4.546112306524e+01 -7.209357627049e+01 7.610041900591e+02 0.000000000000e+00 4.143246013756e-01 1.417742950901e+00 2.169436943829e+02 -6.812527029363e+01 -2.188695562142e+01 -8.567417697649e+01 -2.976256769578e+02 4.148732927126e+02 -7.098741661548e+02 
-0.000000000000e+00 2.510731640268e-02 -3.754758557816e+01 -6.902929442769e+00 -2.001722559425e+02 -1.317286274369e+02 -1.093853522644e+02 4.704155641337e+02 7.007322346757e+02 -1.670457385378e+03 -0.000000000000e+00 -8.121100384278e-01 6.846196214394e+00 -6.812527029363e+01 1.875813206600e+03 -6.632188040267e+02 -5.988007977936e+02 4.044201790659e+02 -7.760954415769e+02 -2.754486043681e+02 
0.000000000000e+00 7.702236452626e+00 -1.037372313739e+02 2.490393587672e+02 -2.934748884661e+02 4.201276959423e+02 -1.433614715848e+03 6.430480625468e+02 1.358622945391e+03 -1.110567440368e+03 0.000000000000e+00 8.840945094394e+00 -1.493432660241e+01 -2.188695562142e+01 -6.632188040267e+02 8.549559998870e+03 -6.017130541981e+03 -3.242967780131e+03 1.289156173312e+03 8.205538775192e+01 
0.000000000000e+00 -1.690051695855e+01 1.402707114286e+02 -4.216582052556e+02 1.013498353437e+03 5.301968328700e+01 2.087065907737e+03 1.870173609656e+02 -3.750210629382e+03 2.155916154336e+03 0.000000000000e+00 -1.188948168865e+01 7.171670989227e+01 -8.567417697649e+01 -5.988007977936e+02 -6.017130541981e+03 1.986224133467e+04 -8.222449304115e+03 -2.620419358098e+03 1.704199771324e+03 
0.000000000000e+00 3.867741639003e+00 -4.860415573790e+01 1.824360554962e+02 -8.886201754790e+02 1.791079716509e+03 -2.332971182124e+03 8.837674511016e+03 -1.018860843639e+04 1.125600383347e+02 0.000000000000e+00 -1.766983148166e+01 -1.733001142823e+01 -2.976256769578e+02 4.044201790659e+02 -3.242967780131e+03 -8.222449304115e+03 4.559227936583e+04 -3.007381989409e+04 5.114129278458e+03 
0.000000000000e+00 1.338825828315e+01 -8.808203479389e+01 -9.636444872720e+02 2.586828551238e+03 -4.432296882938e+02 6.262249885647e+03 -1.393993261675e+04 1.362530043633e+04 -5.455890672671e+02 0.000000000000e+00 -1.795927773956e+01 6.953919920627e+01 4.148732927126e+02 -7.760954415769e+02 1.289156173312e+03 -2.620419358098e+03 -3.007381989409e+04 9.160282597944e+04 -5.639782217677e+04 
0.000000000000e+00 -1.983467840132e+01 -2.473074580751e+02 9.879436519324e+02 -1.784926413557e+03 2.018263025367e+03 -1.174093144184e+03 9.021022620774e+03 -4.239244777441e+02 1.225909422519e+02 0.000000000000e+00 -1.658198239377e+01 -1.666182631402e+02 -7.098741661548e+02 -2.754486043681e+02 8.205538775192e+01 1.704199771324e+03 5.114129278458e+03 -5.639782217677e+04 9.873754121177e+04 
