1.524983209180e-04 -8.399937821540e-06 -1.569911304445e-05 -1.764300809768e-05 -1.783604515831e-05 -3.489088024340e-05 -1.396532330421e-04 -1.339513619770e-04 2.874349442986e-04 2.191218082672e-05 -1.489974513354e-03 3.779890416067e-05 -4.203852857686e-04 3.698534732910e-04 -2.274765265357e-03 4.519300621163e-03 -1.861490568241e-03 1.392082437975e-03 
-8.399937821540e-06 3.623444730799e-04 -1.546980899919e-05 -2.453212386695e-05 -2.814222992174e-05 -3.173765054563e-07 -4.497366044993e-04 -2.483690206515e-04 -3.236220659955e-04 -4.222338578113e-04 1.115638992871e-03 -3.811153920317e-05 -2.872223996361e-03 2.201967474546e-04 2.459127086531e-05 -9.753051957057e-04 2.047140200829e-03 -5.910662347235e-04 
-1.569911304445e-05 -1.546980899919e-05 7.927142096041e-04 -4.867410559104e-05 -1.739022426759e-05 -4.826933455543e-05 -2.013514982196e-04 -5.678292030171e-04 2.114250943043e-04 -1.008465992605e-03 -1.284724943682e-03 -1.260376708646e-03 4.035917039771e-04 -2.196207913367e-03 -1.121785842230e-03 5.476045782574e-03 -7.940525943583e-03 4.883782222909e-03 
-1.764300809768e-05 -2.453212386695e-05 -4.867410559104e-05 2.056628877295e-03 -7.314083435539e-05 -5.656485976797e-05 -3.357128067982e-05 -1.379663590394e-03 -7.770806308200e-04 -9.349497581637e-04 -2.323952194116e-03 1.838901911113e-05 -8.260065916059e-04 -6.560957935603e-04 -4.008897965549e-03 1.042678757888e-02 -9.588100630251e-03 5.689245053111e-03 
-1.783604515831e-05 -2.814222992174e-05 -1.739022426759e-05 -7.314083435539e-05 4.985628200179e-03 -1.388719885272e-04 -5.408694486097e-04 -2.079234622469e-03 -2.320748965832e-04 -2.427577958257e-03 -6.860497779873e-03 2.385999423565e-03 3.115101612689e-03 -1.950960693527e-03 -2.194020303204e-03 1.164257139135e-02 -2.097067540879e-02 -2.302875347691e-04 
-3.489088024340e-05 -3.173765054563e-07 -4.826933455543e-05 -5.656485976797e-05 -1.388719885272e-04 1.154274753363e-02 -2.940068941574e-03 -1.880449829416e-03 -8.183314002564e-04 -3.282196515390e-03 -4.080894936192e-04 -3.989981980398e-03 6.925227632347e-05 -4.318155762212e-03 -6.154489824551e-03 2.947423802776e-02 -4.562114200242e-02 1.806334146739e-02 
-1.396532330421e-04 -4.497366044993e-04 -2.013514982196e-04 -3.357128067982e-05 -5.408694486097e-04 -2.940068941574e-03 2.812360546470e-01 -1.107514223451e-01 -8.505754198073e-02 -7.336031954902e-02 -9.937063923637e-02 1.388217218232e-02 -2.380823773859e-02 2.929755707806e-01 -1.827373349125e-01 -8.844408986551e-02 -3.314440684786e-01 1.865559877556e-01 
-1.339513619770e-04 -2.483690206515e-04 -5.678292030171e-04 -1.379663590394e-03 -2.079234622469e-03 -1.880449829416e-03 -1.107514223451e-01 5.504638748620e-01 -1.384309609708e-01 -1.374037666273e-01 -1.361625966052e-01 -1.449146820985e-01 -3.876543380978e-02 -1.128170800229e-01 -9.512058366819e-02 1.722329382852e-01 2.718307573606e-01 -2.821058002048e-01 
2.874349442986e-04 -3.236220659955e-04 2.114250943043e-04 -7.770806308200e-04 -2.320748965832e-04 -8.183314002564e-04 -8.505754198073e-02 -1.384309609708e-01 8.107493686596e-01 -2.254323455522e-01 -6.486024776039e-02 -3.368866269208e-01 -2.519781474877e-01 -5.491307451476e-02 -1.791488140532e-01 5.517658702303e-01 1.931354519913e-01 -3.574080963631e-01 
2.191218082672e-05 -4.222338578113e-04 -1.008465992605e-03 -9.349497581637e-04 -2.427577958257e-03 -3.282196515390e-03 -7.336031954902e-02 -1.374037666273e-01 -2.254323455522e-01 1.370879791166e+00 -2.996258552274e-01 -6.205715673995e-02 -6.995816786891e-01 -1.419049060752e-01 2.568039111160e-01 -5.063695477386e-01 1.007704525819e+00 -8.321156134217e-01 
-1.489974513354e-03 1.115638992871e-03 -1.284724943682e-03 -2.323952194116e-03 -6.860497779873e-03 -4.080894936192e-04 -9.937063923637e-02 -1.361625966052e-01 -6.486024776039e-02 -2.996258552274e-01 3.217930341763e+00 -1.177447199800e+00 -8.720335957236e-01 -8.452735775355e-01 1.564009305796e-01 2.940961455111e-01 -1.106865174920e-01 -2.959600485545e-01 
3.779890416068e-05 -3.811153920318e-05 -1.260376708646e-03 1.838901911114e-05 2.385999423565e-03 -3.989981980398e-03 1.388217218232e-02 -1.449146820985e-01 -3.368866269208e-01 -6.205715673995e-02 -1.177447199800e+00 4.092735670325e+00 -1.344548896275e+00 -5.502323029451e-01 -1.382258361007e-01 2.511860065570e-01 -1.177041826942e-01 7.002001334317e-02 
-4.203852857686e-04 -2.872223996361e-03 4.035917039771e-04 -8.260065916059e-04 3.115101612689e-03 6.925227632344e-05 -2.380823773859e-02 -3.876543380978e-02 -2.519781474877e-01 -6.995816786891e-01 -8.720335957236e-01 -1.344548896275e+00 8.553476788561e+00 -1.577828734994e+00 -2.225066392123e+00 -3.448339858312e-01 -4.383040015349e+00 4.481508122522e+00 
3.698534732910e-04 2.201967474546e-04 -2.196207913367e-03 -6.560957935602e-04 -1.950960693527e-03 -4.318155762213e-03 2.929755707806e-01 -1.128170800229e-01 -5.491307451476e-02 -1.419049060752e-01 -8.452735775355e-01 -5.502323029451e-01 -1.577828734994e+00 8.813526185131e+00 -4.154867498016e+00 -2.037945095793e+00 5.093651368946e-01 -5.889193085048e-01 
-2.274765265357e-03 2.459127086531e-05 -1.121785842230e-03 -4.008897965549e-03 -2.194020303204e-03 -6.154489824550e-03 -1.827373349125e-01 -9.512058366819e-02 -1.791488140532e-01 2.568039111160e-01 1.564009305796e-01 -1.382258361007e-01 -2.225066392123e+00 -4.154867498016e+00 1.734874277119e+01 -9.280570725110e+00 -1.269085412626e-01 -7.047783500480e-01 
4.519300621163e-03 -9.753051957057e-04 5.476045782574e-03 1.042678757888e-02 1.164257139135e-02 2.947423802776e-02 -8.844408986551e-02 1.722329382852e-01 5.517658702303e-01 -5.063695477386e-01 2.940961455111e-01 2.511860065570e-01 -3.448339858312e-01 -2.037945095793e+00 -9.280570725110e+00 2.513629238034e+01 -1.523669290801e+01 1.511274549643e+00 
-1.861490568241e-03 2.047140200829e-03 -7.940525943583e-03 -9.588100630251e-03 -2.097067540879e-02 -4.562114200242e-02 -3.314440684786e-01 2.718307573606e-01 1.931354519913e-01 1.007704525819e+00 -1.106865174920e-01 -1.177041826942e-01 -4.383040015349e+00 5.093651368946e-01 -1.269085412626e-01 -1.523669290801e+01 4.248034610102e+01 -2.555297426302e+01 
1.392082437975e-03 -5.910662347235e-04 4.883782222909e-03 5.689245053111e-03 -2.302875347691e-04 1.806334146739e-02 1.865559877556e-01 -2.821058002048e-01 -3.574080963631e-01 -8.321156134217e-01 -2.959600485545e-01 7.002001334317e-02 4.481508122522e+00 -5.889193085048e-01 -7.047783500480e-01 1.511274549643e+00 -2.555297426302e+01 2.979796271579e+01 
