   19419.027       -345.08865       -21.866187       -49.325634        80.178081        8.7664324        6.9997991       -16.153179       -10.048137       -11.652386       -12.968001       -9.6616495       -5.9564428       -1.8881398    
  -345.08865        1747.7398        127.09530        31.128296        3.0013718        7.4965100        5.7249177        3.2107326       0.63125107        1.2389286      -0.60820810      -0.38415260      -0.24620963E-01  -0.18102466    
  -21.866187        127.09530        246.20941        1.6962905        1.7355143        3.4801410        3.2452323       0.68836063        1.6860156       0.95215452       0.96834424       0.48340105       0.15996944       0.22205746    
  -49.325634        31.128296        1.6962905        18.377810        3.0498334        2.4159936        1.5771187        1.1402405       0.90976770       0.86526675       0.66671394       0.63232599       0.51450209       0.38806724    
   80.178081        3.0013718        1.7355143        3.0498334        6.5292872        1.4146540       0.98947451       0.69936165       0.63091684       0.57352891       0.50167428       0.38841367       0.29663154       0.23709170    
   8.7664324        7.4965100        3.4801410        2.4159936        1.4146540        2.4343973        1.0512544       0.66313705       0.50036014       0.40207310       0.29964695       0.18376548       0.12410195       0.69616314E-01
   6.9997991        5.7249177        3.2452323        1.5771187       0.98947451        1.0512544        1.0867095       0.45818256       0.40241907       0.31652411       0.25562037       0.19319409       0.14969120       0.85727175E-01
  -16.153179        3.2107326       0.68836063        1.1402405       0.69936165       0.66313705       0.45818256       0.55315364       0.29794161       0.25116507       0.21186403       0.16202900       0.11462911       0.66428139E-01
  -10.048137       0.63125107        1.6860156       0.90976770       0.63091684       0.50036014       0.40241907       0.29794161       0.37733493       0.24499132       0.19312524       0.15247712       0.11178115       0.64318199E-01
  -11.652386        1.2389286       0.95215452       0.86526675       0.57352891       0.40207310       0.31652411       0.25116507       0.24499132       0.25304540       0.19602496       0.15718104       0.11871641       0.70843171E-01
  -12.968001      -0.60820810       0.96834424       0.66671394       0.50167428       0.29964695       0.25562037       0.21186403       0.19312524       0.19602496       0.22122023       0.17625481       0.12478099       0.75032018E-01
  -9.6616495      -0.38415260       0.48340105       0.63232599       0.38841367       0.18376548       0.19319409       0.16202900       0.15247712       0.15718104       0.17625481       0.17190493       0.12412427       0.71292768E-01
  -5.9564428      -0.24620963E-01   0.15996944       0.51450209       0.29663154       0.12410195       0.14969120       0.11462911       0.11178115       0.11871641       0.12478099       0.12412427       0.12402937       0.75458095E-01
  -1.8881398      -0.18102466       0.22205746       0.38806724       0.23709170       0.69616314E-01   0.85727175E-01   0.66428139E-01   0.64318199E-01   0.70843171E-01   0.75032018E-01   0.71292768E-01   0.75458095E-01   0.74053731E-01
